2454509.5239666667767 0.98602486514024878517
2454509.5246611111797 0.98602563286816069521
2454509.5253555555828 0.98602697468549516113
2454509.5260499999858 0.98602889796287995772
2454509.5267444443889 0.98603141261193638645
2454509.5274388892576 0.98603453055613066169
2454509.5281333336607 0.98603826516822001835
2454509.5288277780637 0.98604263073458697786
2454509.5295222224668 0.98604764199231031974
2454509.5302166668698 0.98605331376639615559
2454509.5309111112729 0.9860596607167336769
2454509.5316055556759 0.98606669719009132358
2454509.532300000079 0.98607443716314013837
2454509.532994444482 0.98608289425794748428
2454509.5336888888851 0.98609208181061624998
2454509.5343833332881 0.98610201297548749633
2454509.5350777781568 0.98611270085037494582
2454509.5357722225599 0.98612415861175550802
2454509.536466666963 0.98613639965212585015
2454509.537161111366 0.98614943771453122956
2454509.5378555557691 0.98616328702149014251
2454508.9760500001721 0.98602466057238336017
2454508.9767444445752 0.9860249448192621724
2454509.5385500001721 0.98617796239717836482
2454509.5392444445752 0.98619347938288504096
2454509.5399388889782 0.98620985434651520229
2454509.5406333333813 0.98622710458737938843
2454509.5413277777843 0.98624524843777860994
2454508.9774388889782 0.98602579921885524783
2454509.5420222221874 0.98626430536302445162
2454508.9781333333813 0.98602722864326830532
2454509.5427166670561 0.98628429606158940501
2454508.9788277777843 0.98602924087917687146
2454509.5434111114591 0.98630524256709128927
2454508.9795222221874 0.98603184617880224039
2454509.5441055558622 0.98632716835382294729
2454508.9802166670561 0.98603505672146884997
2454509.5448000002652 0.98635009844753751551
2454508.9809111114591 0.98603888605152878455
2454509.5454944446683 0.98637405954323653656
2454508.9816055558622 0.98604334855120745473
2454509.5461888890713 0.98639908013176080814
2454508.9823000002652 0.98604845899156257083
2454509.5468833334744 0.98642519063708367089
2454508.9829944446683 0.98605423218613730274
2454509.5475777778774 0.9864524235663505447
2454508.9836888890713 0.98606068275443015114
2454509.5482722222805 0.98648081367490147997
2454508.9843833334744 0.98606782498875455989
2454509.5489666666836 0.98651039814877383716
2454508.9850777778774 0.98607567280949937061
2454509.5496611110866 0.98654121680750661572
2454508.9857722222805 0.9860842397899000078
2454509.5503555559553 0.98657331233048473074
2454508.9864666666836 0.98609353923113485241
2454508.9871611110866 0.98610358427056676867
2454508.9878555559553 0.98611438800911355163
2454509.5510500003584 0.98660673051057479199
2454508.9885500003584 0.98612596364719262709
2454509.5517444447614 0.98664152053944054188
2454508.9892444447614 0.98613832462190842421
2454509.5524388891645 0.9866777353297212505
2454508.9899388891645 0.98615148474086333774
2454509.5531333335675 0.98671543188023402848
2454508.9906333335675 0.98616545831010060663
2454509.5538277779706 0.98675467169158248559
2454508.9913277779706 0.98618026025524418987
2454509.5545222223736 0.98679552124108238509
2454508.9920222223736 0.98619590623598829549
2454509.5552166667767 0.98683805252782785811
2454508.9927166667767 0.98621241275479754052
2454509.5559111111797 0.98688234370115290872
2454508.9934111111797 0.98622979726110859833
2454509.5566055555828 0.98692847978883058158
2454508.9941055555828 0.98624807825257099214
2454509.5572999999858 0.98697655354533286864
2454508.9947999999858 0.98626727537497715925
2454509.5579944443889 0.98702666644562409015
2454508.9954944443889 0.98628740952258109331
2454509.5586888892576 0.9870789298567231862
2454508.9961888892576 0.98630850294051053417
2454509.5593833336607 0.98713346642821675481
2454508.9968833336607 0.98633057933098211567
2454509.5600777780637 0.98719041175490374052
2454508.9975777780637 0.9863536639650360982
2454509.5607722224668 0.98724991638105374925
2454508.9982722224668 0.98637778380154050861
2454509.5614666668698 0.98731214823822066595
2454508.9989666668698 0.98640296761527923586
2454509.5621611112729 0.98737729564000686899
2454508.9996611112729 0.98642924613604243689
2454509.5628555556759 0.9874455710019955923
2454509.0003555556759 0.98645665220078770918
2454509.563550000079 0.98751721552022231343
2454509.001050000079 0.98648522092114543369
2454509.564244444482 0.98759250513836827068
2454509.001744444482 0.98651498986880747921
2454509.5649388888851 0.98767175828135567173
2454509.0024388888851 0.98654599928168174028
2454509.5656333332881 0.98775534606422976669
2454509.0031333332881 0.98657829229411753147
2454509.5663277781568 0.98784370605968596646
2454509.0038277781568 0.98661191519504398695
2454509.5670222225599 0.98793736133769349816
2454509.0045222225599 0.98664691771851964486
2454509.567716666963 0.98803694759960480898
2454509.005216666963 0.98668335337200929747
2454509.568411111366 0.98814325328891161604
2454509.005911111366 0.98672127980871904285
2454509.5691055557691 0.98825728164754222949
2454509.0066055557691 0.98676075925158313051
2454509.5698000001721 0.98838035249537870008
2454509.0073000001721 0.986801858978072155
2454509.5704944445752 0.98851428265934671025
2454509.0079944445752 0.9868446518769826703
2454509.5711888889782 0.98866174283118757327
2454509.0086888889782 0.9868892170908805106
2454509.5718833333813 0.98882709257025680483
2454509.0093833333813 0.98693564076108286631
2454509.5725777777843 0.98901903147672909355
2454509.0100777777843 0.9869840168961958593
2454509.5732722221874 0.9892211654183507008
2454509.0107722221874 0.98703444839059339966
2454509.5739666670561 0.98955324153599633075
2454509.0114666670561 0.98708704822626669451
2454509.5746611114591 0.98999556343652805879
2454509.0121611114591 0.98714194090082707511
2454509.5753555558622 0.99052645270297867697
2454509.5760500002652 0.99114876213139346817
2454509.0128555558622 0.98719926413699776724
2454509.5767444446683 0.99178363971459215787
2454509.0135500002652 0.9872591709460299958
2454509.5774388890713 0.99245116470350758231
2454509.5781333334744 0.99316899850740136824
2454509.0142444446683 0.98732183214108759639
2454509.5788277778774 0.99386637004561295683
2454509.0149388890713 0.98738743942979501078
2454509.5795222222805 0.99456719311950125828
2454509.5802166666836 0.99529146696823989071
2454509.0156333334744 0.98745620926251909122
2454509.5809111110866 0.99597212855165406786
2454509.5816055559553 0.99663260935552988595
2454509.0163277778774 0.98752838768203454745
2454509.5823000003584 0.99726558798482167756
2454509.5829944447614 0.99788463923487114027
2454509.5836888891645 0.99843349538111325625
2454509.0170222222805 0.98760425652324412837
2454509.5843833335675 0.99892763763494107909
2454509.5850777779706 0.99935530054982357751
2454509.5857722223736 0.99970155121316506275
2454509.5864666667767 0.99994476225621609089
2454509.0177166666836 0.98768414146922067776
2454509.5871611111797 1
2454509.5878555555828 1
2454509.5885499999858 1
2454509.5892444443889 1
2454509.5899388892576 1
2454509.5906333336607 1
2454509.5913277780637 1
2454509.0184111110866 0.98776842271802134388
2454509.5920222224668 1
2454509.0191055559553 0.98785754941888592739
2454509.5927166668698 1
2454509.0198000003584 0.98795205972078770085
2454509.5934111112729 1
2454509.0204944447614 0.9880526094898559597
2454509.5941055556759 1
2454509.0211888891645 0.98816001502694306158
2454509.594800000079 1
2454509.0218833335675 0.98827531968126847151
2454509.595494444482 1
2454509.5961888888851 1
2454509.5968833332881 1
2454509.5975777781568 1
2454509.5982722225599 1
2454509.598966666963 1
2454509.599661111366 1
2454509.6003555557691 1
2454509.6010500001721 1
2454509.6017444445752 1
2454509.6024388889782 1
2454509.6031333333813 1
2454509.6038277777843 1
2454509.6045222221874 1
2454509.6052166670561 1
2454509.6059111114591 1
2454509.6066055558622 1
2454509.6073000002652 1
2454509.6079944446683 1
2454509.6086888890713 1
2454509.6093833334744 1
2454509.6100777778774 1
2454509.6107722222805 1
2454509.6114666666836 1
2454509.6121611110866 1
2454509.6128555559553 1
2454509.6135500003584 1
2454509.6142444447614 1
2454509.6149388891645 1
2454509.6156333335675 1
2454509.6163277779706 1
2454509.6170222223736 1
2454509.6177166667767 1
2454509.6184111111797 1
2454509.6191055555828 1
2454509.6197999999858 1
2454509.6204944443889 1
2454509.6211888892576 1
2454509.6218833336607 1
2454509.6225777780637 1
2454509.6232722224668 1
2454509.6239666668698 1
2454509.6246611112729 1
2454509.6253555556759 1
2454509.626050000079 1
2454509.626744444482 1
2454509.6274388888851 1
2454509.6281333332881 1
2454509.6288277781568 1
2454509.6295222225599 1
2454509.630216666963 1
2454509.630911111366 1
2454509.6316055557691 1
2454509.6323000001721 1
2454509.6329944445752 1
2454509.6336888889782 1
2454509.6343833333813 1
2454509.6350777777843 1
2454509.6357722221874 1
2454509.6364666670561 1
2454509.6371611114591 1
2454509.6378555558622 1
2454509.6385500002652 1
2454509.6392444446683 1
2454509.6399388890713 1
2454509.6406333334744 1
2454509.6413277778774 1
2454509.6420222222805 1
2454509.6427166666836 1
2454509.6434111110866 1
2454509.6441055559553 1
2454509.6448000003584 1
2454509.6454944447614 1
2454509.6461888891645 1
2454509.6468833335675 1
2454509.6475777779706 1
2454509.6482722223736 1
2454509.6489666667767 1
2454509.6496611111797 1
2454509.6503555555828 1
2454509.6510499999858 1
2454509.6517444443889 1
2454509.6524388892576 1
2454509.6531333336607 1
2454509.6538277780637 1
2454509.6545222224668 1
2454509.6552166668698 1
2454509.6559111112729 1
2454509.6566055556759 1
2454509.657300000079 1
2454509.657994444482 1
2454509.6586888888851 1
2454509.6593833332881 1
2454509.0225777779706 0.98839990423849588552
2454509.6600777781568 1
2454509.6607722225599 1
2454509.661466666963 1
2454509.662161111366 1
2454509.6628555557691 1
2454509.0232722223736 0.9885356853953182199
2454509.6635500001721 1
2454509.6642444445752 1
2454509.6649388889782 1
2454509.6656333333813 1
2454509.6663277777843 1
2454509.6670222221874 1
2454509.6677166670561 1
2454509.0239666667767 0.98868551651923219925
2454509.6684111114591 1
2454509.6691055558622 1
2454509.6698000002652 1
2454509.6704944446683 1
2454509.6711888890713 1
2454509.6718833334744 1
2454509.6725777778774 1
2454509.0246611111797 0.98885415783706720472
2454509.6732722222805 1
2454509.6739666666836 1
2454509.6746611110866 1
2454509.6753555559553 1
2454509.6760500003584 1
2454509.6767444447614 1
2454509.6774388891645 1
2454509.0253555555828 0.98905158792747960295
2454509.6781333335675 1
2454509.6788277779706 1
2454509.6795222223736 1
2454509.6802166667767 1
2454509.6809111111797 1
2454509.0260499999858 0.98926199899869837751
2454509.6816055555828 1
2454509.0267444443889 0.98959371603284962404
2454509.6822999999858 1
2454509.0274388892576 0.99008199391162066139
2454509.6829944443889 1
2454509.0281333336607 0.9906220469283538721
2454509.6836888892576 1
2454509.6843833336607 1
2454509.6850777780637 1
2454509.6857722224668 1
2454509.0288277780637 0.99122287603673908674
2454509.6864666668698 1
2454509.0295222224668 0.99189387201865419907
2454509.6871611112729 1
2454509.6878555556759 1
2454509.688550000079 1
2454509.689244444482 1
2454509.6899388888851 1
2454509.6906333332881 1
2454509.6913277781568 1
2454509.6920222225599 1
2454509.692716666963 1
2454509.693411111366 1
2454509.6941055557691 1
2454509.6948000001721 1
2454509.6954944445752 1
2454509.6961888889782 1
2454509.6968833333813 1
2454509.6975777777843 1
2454509.6982722221874 1
2454509.6989666670561 1
2454509.0302166668698 0.99256381662157688872
2454509.6996611114591 1
2454509.0309111112729 0.99325426727539556371
2454509.7003555558622 1
2454509.0316055556759 0.99398308361599196914
2454509.7010500002652 1
2454509.032300000079 0.99468259214966281423
2454509.7017444446683 1
2454509.032994444482 0.99537632982451818009
2454509.7024388890713 1
2454509.0336888888851 0.99608345882486948319
2454509.7031333334744 1
2454509.0343833332881 0.99673931343341493072
2454509.7038277778774 1
2454509.0350777781568 0.99736601410616398944
2454509.7045222222805 1
2454509.7052166666836 1
2454509.0357722225599 0.99795565688918563829
2454509.7059111110866 1
2454509.036466666963 0.99851959979713322824
2454509.7066055559553 1
2454509.037161111366 0.99900340109640339836
2454509.7073000003584 1
2454509.0378555557691 0.99941841858010038724
2454509.7079944447614 1
2454509.0385500001721 0.99974791563013065687
2454509.7086888891645 1
2454509.0392444445752 0.99996295134914048308
2454509.7093833335675 1
2454509.0399388889782 1
2454509.7100777779706 1
2454509.0406333333813 1
2454509.7107722223736 1
2454509.0413277777843 1
2454509.7114666667767 1
2454509.0420222221874 1
2454509.7121611111797 1
2454509.0427166670561 1
2454509.7128555555828 1
2454509.0434111114591 1
2454509.7135499999858 1
2454509.0441055558622 1
2454509.7142444443889 1
2454509.0448000002652 1
2454509.7149388892576 1
2454509.0454944446683 1
2454509.7156333336607 1
2454509.0461888890713 1
2454509.7163277780637 1
2454509.0468833334744 1
2454509.7170222224668 1
2454509.0475777778774 1
2454509.7177166668698 1
2454509.0482722222805 1
2454509.7184111112729 1
2454509.0489666666836 1
2454509.7191055556759 1
2454509.0496611110866 1
2454509.719800000079 1
2454509.0503555559553 1
2454509.720494444482 1
2454509.0510500003584 1
2454509.7211888888851 1
2454509.0517444447614 1
2454509.7218833332881 1
2454509.0524388891645 1
2454509.7225777781568 1
2454509.0531333335675 1
2454509.7232722225599 1
2454509.0538277779706 1
2454509.723966666963 1
2454509.0545222223736 1
2454509.724661111366 1
2454509.0552166667767 1
2454509.7253555557691 1
2454509.0559111111797 1
2454509.7260500001721 1
2454509.0566055555828 1
2454509.7267444445752 1
2454509.0572999999858 1
2454509.7274388889782 1
2454509.0579944443889 1
2454509.7281333333813 1
2454509.0586888892576 1
2454509.7288277777843 1
2454509.0593833336607 1
2454509.7295222221874 1
2454509.0600777780637 1
2454509.7302166670561 1
2454509.0607722224668 1
2454509.7309111114591 1
2454509.0614666668698 1
2454509.7316055558622 1
2454509.0621611112729 1
2454509.7323000002652 1
2454509.0628555556759 1
2454509.7329944446683 1
2454509.063550000079 1
2454509.7336888890713 1
2454509.064244444482 1
2454509.7343833334744 1
2454509.0649388888851 1
2454509.7350777778774 1
2454509.0656333332881 1
2454509.7357722222805 1
2454509.0663277781568 1
2454509.7364666666836 1
2454509.0670222225599 1
2454509.7371611110866 1
2454509.067716666963 1
2454509.7378555559553 1
2454509.068411111366 1
2454509.7385500003584 1
2454509.0691055557691 1
2454509.7392444447614 1
2454509.0698000001721 1
2454509.7399388891645 1
2454509.0704944445752 1
2454509.7406333335675 1
2454509.0711888889782 1
2454509.7413277779706 1
2454509.0718833333813 1
2454509.7420222223736 1
2454509.0725777777843 1
2454509.7427166667767 1
2454509.0732722221874 1
2454509.7434111111797 1
2454509.0739666670561 1
2454509.7441055555828 1
2454509.0746611114591 1
2454509.7447999999858 1
2454509.0753555558622 1
2454509.7454944443889 1
2454509.0760500002652 1
2454509.7461888892576 1
2454509.0767444446683 1
2454509.7468833336607 1
2454509.0774388890713 1
2454509.7475777780637 1
2454509.0781333334744 1
2454509.7482722224668 1
2454509.0788277778774 1
2454509.7489666668698 1
2454509.0795222222805 1
2454509.7496611112729 1
2454509.0802166666836 1
2454509.7503555556759 1
2454509.0809111110866 1
2454509.751050000079 1
2454509.0816055559553 1
2454509.751744444482 1
2454509.0823000003584 1
2454509.7524388888851 1
2454509.0829944447614 1
2454509.7531333332881 1
2454509.0836888891645 1
2454509.7538277781568 1
2454509.0843833335675 1
2454509.7545222225599 1
2454509.0850777779706 1
2454509.755216666963 1
2454509.0857722223736 1
2454509.755911111366 1
2454509.0864666667767 1
2454509.7566055557691 1
2454509.0871611111797 1
2454509.7573000001721 1
2454509.0878555555828 1
2454509.7579944445752 1
2454509.0885499999858 1
2454509.7586888889782 1
2454509.0892444443889 1
2454509.7593833333813 1
2454509.0899388892576 1
2454509.7600777777843 1
2454509.0906333336607 1
2454509.7607722221874 1
2454509.0913277780637 1
2454509.7614666670561 1
2454509.0920222224668 1
2454509.7621611114591 1
2454509.0927166668698 1
2454509.7628555558622 1
2454509.0934111112729 1
2454509.7635500002652 1
2454509.0941055556759 1
2454509.7642444446683 1
2454509.094800000079 1
2454509.7649388890713 1
2454509.095494444482 1
2454509.7656333334744 1
2454509.0961888888851 1
2454509.7663277778774 1
2454509.0968833332881 1
2454509.7670222222805 1
2454509.0975777781568 1
2454509.7677166666836 1
2454509.0982722225599 1
2454509.7684111110866 1
2454509.098966666963 1
2454509.7691055559553 1
2454509.099661111366 1
2454509.7698000003584 1
2454509.1003555557691 1
2454509.7704944447614 1
2454509.1010500001721 1
2454509.7711888891645 1
2454509.1017444445752 1
2454509.7718833335675 1
2454509.1024388889782 1
2454509.7725777779706 1
2454509.1031333333813 1
2454509.7732722223736 1
2454509.1038277777843 1
2454509.7739666667767 1
2454509.1045222221874 1
2454509.7746611111797 1
2454509.1052166670561 1
2454509.7753555555828 1
2454509.1059111114591 1
2454509.7760499999858 1
2454509.1066055558622 1
2454509.7767444443889 1
2454509.1073000002652 1
2454509.7774388892576 1
2454509.1079944446683 1
2454509.7781333336607 1
2454509.1086888890713 1
2454509.7788277780637 1
2454509.1093833334744 1
2454509.7795222224668 1
2454509.1100777778774 1
2454509.7802166668698 1
2454509.1107722222805 1
2454509.7809111112729 1
2454509.1114666666836 1
2454509.7816055556759 1
2454509.1121611110866 1
2454509.782300000079 1
2454509.1128555559553 1
2454509.782994444482 1
2454509.1135500003584 1
2454509.7836888888851 1
2454509.1142444447614 1
2454509.7843833332881 1
2454509.1149388891645 1
2454509.7850777781568 1
2454509.1156333335675 1
2454509.7857722225599 1
2454509.1163277779706 1
2454509.786466666963 1
2454509.1170222223736 1
2454509.787161111366 1
2454509.1177166667767 1
2454509.7878555557691 1
2454509.1184111111797 1
2454509.7885500001721 1
2454509.1191055555828 1
2454509.7892444445752 1
2454509.1197999999858 1
2454509.7899388889782 1
2454509.1204944443889 1
2454509.7906333333813 1
2454509.1211888892576 1
2454509.7913277777843 1
2454509.1218833336607 1
2454509.7920222221874 1
2454509.1225777780637 1
2454509.7927166670561 1
2454509.1232722224668 1
2454509.7934111114591 1
2454509.1239666668698 1
2454509.7941055558622 1
2454509.1246611112729 1
2454509.7948000002652 1
2454509.1253555556759 1
2454509.7954944446683 1
2454509.126050000079 1
2454509.7961888890713 1
2454509.126744444482 1
2454509.7968833334744 1
2454509.1274388888851 1
2454509.7975777778774 1
2454509.1281333332881 1
2454509.7982722222805 1
2454509.1288277781568 1
2454509.7989666666836 1
2454509.1295222225599 1
2454509.7996611110866 1
2454509.130216666963 1
2454509.8003555559553 1
2454509.130911111366 1
2454509.8010500003584 1
2454509.1316055557691 1
2454509.8017444447614 1
2454509.1323000001721 1
2454509.8024388891645 1
2454509.1329944445752 1
2454509.8031333335675 1
2454509.1336888889782 1
2454509.8038277779706 1
2454509.1343833333813 1
2454509.8045222223736 1
2454509.1350777777843 1
2454509.8052166667767 1
2454509.1357722221874 1
2454509.8059111111797 1
2454509.1364666670561 1
2454509.8066055555828 1
2454509.1371611114591 1
2454509.8072999999858 1
2454509.1378555558622 1
2454509.8079944443889 1
2454509.1385500002652 1
2454509.8086888892576 1
2454509.1392444446683 1
2454509.8093833336607 1
2454509.1399388890713 1
2454509.8100777780637 1
2454509.1406333334744 1
2454509.8107722224668 1
2454509.1413277778774 1
2454509.8114666668698 1
2454509.1420222222805 1
2454509.8121611112729 1
2454509.1427166666836 1
2454509.8128555556759 1
2454509.1434111110866 1
2454509.813550000079 1
2454509.1441055559553 1
2454509.814244444482 1
2454509.1448000003584 1
2454509.8149388888851 1
2454509.1454944447614 1
2454509.8156333332881 1
2454509.1461888891645 1
2454509.8163277781568 1
2454509.1468833335675 1
2454509.8170222225599 1
2454509.1475777779706 1
2454509.817716666963 1
2454509.1482722223736 1
2454509.818411111366 1
2454509.1489666667767 1
2454509.8191055557691 1
2454509.1496611111797 1
2454509.8198000001721 1
2454509.1503555555828 1
2454509.8204944445752 1
2454509.1510499999858 1
2454509.8211888889782 1
2454509.1517444443889 1
2454509.8218833333813 1
2454509.1524388892576 1
2454509.8225777777843 1
2454509.1531333336607 1
2454509.8232722221874 1
2454509.1538277780637 1
2454509.8239666670561 1
2454509.1545222224668 1
2454509.8246611114591 1
2454509.1552166668698 1
2454509.8253555558622 1
2454509.1559111112729 1
2454509.8260500002652 1
2454509.1566055556759 1
2454509.8267444446683 1
2454509.157300000079 1
2454509.8274388890713 1
2454509.157994444482 1
2454509.8281333334744 1
2454509.1586888888851 1
2454509.8288277778774 1
2454509.1593833332881 1
2454509.8295222222805 1
2454509.1600777781568 1
2454509.8302166666836 1
2454509.1607722225599 1
2454509.8309111110866 1
2454509.161466666963 1
2454509.8316055559553 1
2454509.162161111366 1
2454509.8323000003584 1
2454509.1628555557691 1
2454509.8329944447614 1
2454509.1635500001721 1
2454509.8336888891645 1
2454509.1642444445752 1
2454509.8343833335675 1
2454509.1649388889782 1
2454509.8350777779706 1
2454509.1656333333813 1
2454509.8357722223736 1
2454509.1663277777843 1
2454509.8364666667767 1
2454509.1670222221874 1
2454509.8371611111797 1
2454509.1677166670561 1
2454509.8378555555828 1
2454509.1684111114591 1
2454509.8385499999858 1
2454509.1691055558622 1
2454509.8392444443889 1
2454509.1698000002652 1
2454509.8399388892576 1
2454509.1704944446683 1
2454509.8406333336607 1
2454509.1711888890713 1
2454509.8413277780637 1
2454509.1718833334744 1
2454509.8420222224668 1
2454509.1725777778774 1
2454509.8427166668698 1
2454509.1732722222805 1
2454509.8434111112729 1
2454509.1739666666836 1
2454509.8441055556759 1
2454509.1746611110866 1
2454509.844800000079 1
2454509.1753555559553 1
2454509.845494444482 1
2454509.1760500003584 1
2454509.8461888888851 1
2454509.1767444447614 1
2454509.8468833332881 1
2454509.1774388891645 1
2454509.8475777781568 1
2454509.1781333335675 1
2454509.8482722225599 1
2454509.1788277779706 1
2454509.848966666963 1
2454509.1795222223736 1
2454509.849661111366 1
2454509.1802166667767 1
2454509.8503555557691 1
2454509.1809111111797 1
2454509.8510500001721 1
2454509.1816055555828 1
2454509.8517444445752 1
2454509.1822999999858 1
2454509.8524388889782 1
2454509.1829944443889 1
2454509.8531333333813 1
2454509.1836888892576 1
2454509.8538277777843 1
2454509.1843833336607 1
2454509.8545222221874 1
2454509.1850777780637 1
2454509.8552166670561 1
2454509.1857722224668 1
2454509.8559111114591 1
2454509.1864666668698 1
2454509.8566055558622 1
2454509.1871611112729 1
2454509.8573000002652 1
2454509.1878555556759 1
2454509.8579944446683 1
2454509.188550000079 1
2454509.8586888890713 1
2454509.189244444482 1
2454509.8593833334744 1
2454509.1899388888851 1
2454509.8600777778774 1
2454509.1906333332881 1
2454509.8607722222805 1
2454509.1913277781568 1
2454509.8614666666836 1
2454509.1920222225599 1
2454509.8621611110866 1
2454509.192716666963 1
2454509.8628555559553 1
2454509.193411111366 1
2454509.8635500003584 1
2454509.1941055557691 1
2454509.8642444447614 1
2454509.1948000001721 1
2454509.8649388891645 1
2454509.1954944445752 1
2454509.8656333335675 1
2454509.1961888889782 1
2454509.8663277779706 1
2454509.1968833333813 1
2454509.8670222223736 1
2454509.1975777777843 1
2454509.8677166667767 1
2454509.1982722221874 1
2454509.8684111111797 1
2454509.1989666670561 1
2454509.8691055555828 1
2454509.1996611114591 1
2454509.8697999999858 1
2454509.2003555558622 1
2454509.8704944443889 1
2454509.2010500002652 1
2454509.8711888892576 1
2454509.2017444446683 1
2454509.8718833336607 1
2454509.2024388890713 1
2454509.8725777780637 1
2454509.2031333334744 1
2454509.8732722224668 1
2454509.2038277778774 1
2454509.8739666668698 1
2454509.2045222222805 1
2454509.8746611112729 1
2454509.2052166666836 1
2454509.8753555556759 1
2454509.2059111110866 1
2454509.876050000079 1
2454509.2066055559553 1
2454509.876744444482 1
2454509.2073000003584 1
2454509.8774388888851 1
2454509.2079944447614 1
2454509.8781333332881 1
2454509.2086888891645 1
2454509.8788277781568 1
2454509.2093833335675 1
2454509.8795222225599 1
2454509.2100777779706 1
2454509.880216666963 1
2454509.2107722223736 1
2454509.880911111366 1
2454509.2114666667767 1
2454509.8816055557691 1
2454509.2121611111797 1
2454509.8823000001721 1
2454509.2128555555828 1
2454509.8829944445752 1
2454509.2135499999858 1
2454509.8836888889782 1
2454509.2142444443889 1
2454509.8843833333813 1
2454509.2149388892576 1
2454509.8850777777843 1
2454509.2156333336607 1
2454509.8857722221874 1
2454509.2163277780637 1
2454509.8864666670561 1
2454509.2170222224668 1
2454509.8871611114591 1
2454509.2177166668698 1
2454509.8878555558622 1
2454509.2184111112729 1
2454509.8885500002652 1
2454509.2191055556759 1
2454509.8892444446683 1
2454509.219800000079 1
2454509.8899388890713 1
2454509.220494444482 1
2454509.8906333334744 1
2454509.2211888888851 1
2454509.8913277778774 1
2454509.2218833332881 1
2454509.8920222222805 1
2454509.2225777781568 1
2454509.8927166666836 1
2454509.2232722225599 1
2454509.8934111110866 1
2454509.223966666963 1
2454509.8941055559553 1
2454509.224661111366 1
2454509.8948000003584 1
2454509.2253555557691 1
2454509.8954944447614 1
2454509.2260500001721 1
2454509.8961888891645 1
2454509.2267444445752 1
2454509.8968833335675 1
2454509.2274388889782 1
2454509.8975777779706 1
2454509.2281333333813 1
2454509.8982722223736 1
2454509.2288277777843 1
2454509.8989666667767 1
2454509.2295222221874 1
2454509.8996611111797 1
2454509.2302166670561 1
2454509.9003555555828 1
2454509.2309111114591 1
2454509.9010499999858 1
2454509.2316055558622 1
2454509.9017444443889 1
2454509.2323000002652 1
2454509.9024388892576 1
2454509.2329944446683 1
2454509.9031333336607 1
2454509.2336888890713 1
2454509.9038277780637 1
2454509.2343833334744 1
2454509.9045222224668 1
2454509.2350777778774 1
2454509.9052166668698 1
2454509.2357722222805 1
2454509.9059111112729 1
2454509.2364666666836 1
2454509.9066055556759 1
2454509.2371611110866 1
2454509.907300000079 1
2454509.2378555559553 1
2454509.907994444482 1
2454509.2385500003584 1
2454509.9086888888851 1
2454509.2392444447614 1
2454509.9093833332881 1
2454509.2399388891645 1
2454509.9100777781568 1
2454509.2406333335675 1
2454509.9107722225599 1
2454509.2413277779706 1
2454509.911466666963 1
2454509.2420222223736 1
2454509.912161111366 1
2454509.2427166667767 1
2454509.9128555557691 1
2454509.2434111111797 1
2454509.9135500001721 1
2454509.2441055555828 1
2454509.9142444445752 1
2454509.2447999999858 1
2454509.9149388889782 1
2454509.2454944443889 1
2454509.9156333333813 1
2454509.2461888892576 1
2454509.9163277777843 1
2454509.2468833336607 1
2454509.9170222221874 1
2454509.2475777780637 1
2454509.9177166670561 1
2454509.2482722224668 1
2454509.9184111114591 1
2454509.2489666668698 1
2454509.9191055558622 1
2454509.2496611112729 1
2454509.9198000002652 1
2454509.2503555556759 1
2454509.9204944446683 1
2454509.251050000079 1
2454509.9211888890713 1
2454509.251744444482 1
2454509.9218833334744 1
2454509.2524388888851 1
2454509.9225777778774 1
2454509.2531333332881 1
2454509.9232722222805 1
2454509.2538277781568 1
2454509.9239666666836 1
2454509.2545222225599 1
2454509.9246611110866 1
2454509.255216666963 1
2454509.9253555559553 1
2454509.255911111366 1
2454509.9260500003584 1
2454509.2566055557691 1
2454509.9267444447614 1
2454509.2573000001721 1
2454509.9274388891645 1
2454509.2579944445752 1
2454509.9281333335675 1
2454509.2586888889782 1
2454509.9288277779706 1
2454509.2593833333813 1
2454509.9295222223736 1
2454509.2600777777843 1
2454509.9302166667767 1
2454509.2607722221874 1
2454509.9309111111797 1
2454509.2614666670561 1
2454509.9316055555828 1
2454509.2621611114591 1
2454509.9322999999858 1
2454509.2628555558622 1
2454509.9329944443889 1
2454509.2635500002652 1
2454509.9336888892576 1
2454509.2642444446683 1
2454509.9343833336607 1
2454509.2649388890713 1
2454509.9350777780637 1
2454509.2656333334744 1
2454509.9357722224668 1
2454509.2663277778774 1
2454509.9364666668698 1
2454509.2670222222805 1
2454509.9371611112729 1
2454509.2677166666836 1
2454509.9378555556759 1
2454509.2684111110866 1
2454509.938550000079 1
2454509.2691055559553 1
2454509.939244444482 1
2454509.2698000003584 1
2454509.9399388888851 1
2454509.2704944447614 1
2454509.9406333332881 1
2454509.2711888891645 1
2454509.9413277781568 1
2454509.2718833335675 1
2454509.9420222225599 1
2454509.2725777779706 1
2454509.942716666963 1
2454509.2732722223736 1
2454509.943411111366 1
2454509.2739666667767 1
2454509.9441055557691 1
2454509.2746611111797 1
2454509.9448000001721 1
2454509.2753555555828 1
2454509.9454944445752 1
2454509.2760499999858 1
2454509.9461888889782 1
2454509.2767444443889 1
2454509.9468833333813 1
2454509.2774388892576 1
2454509.9475777777843 1
2454509.2781333336607 1
2454509.9482722221874 1
2454509.2788277780637 1
2454509.9489666670561 1
2454509.2795222224668 1
2454509.9496611114591 1
2454509.2802166668698 1
2454509.9503555558622 1
2454509.2809111112729 1
2454509.9510500002652 1
2454509.2816055556759 1
2454509.9517444446683 1
2454509.282300000079 1
2454509.9524388890713 1
2454509.282994444482 1
2454509.9531333334744 1
2454509.2836888888851 1
2454509.9538277778774 1
2454509.2843833332881 1
2454509.9545222222805 1
2454509.2850777781568 1
2454509.9552166666836 1
2454509.2857722225599 1
2454509.9559111110866 1
2454509.286466666963 1
2454509.9566055559553 1
2454509.287161111366 1
2454509.9573000003584 1
2454509.2878555557691 1
2454509.9579944447614 1
2454509.2885500001721 1
2454509.9586888891645 1
2454509.2892444445752 1
2454509.9593833335675 1
2454509.2899388889782 1
2454509.9600777779706 1
2454509.2906333333813 1
2454509.9607722223736 1
2454509.2913277777843 1
2454509.9614666667767 1
2454509.2920222221874 1
2454509.9621611111797 1
2454509.2927166670561 1
2454509.9628555555828 1
2454509.2934111114591 1
2454509.9635499999858 1
2454509.2941055558622 1
2454509.9642444443889 1
2454509.2948000002652 1
2454509.9649388892576 1
2454509.2954944446683 1
2454509.9656333336607 1
2454509.2961888890713 1
2454509.9663277780637 1
2454509.2968833334744 1
2454509.9670222224668 1
2454509.2975777778774 1
2454509.9677166668698 1
2454509.2982722222805 1
2454509.9684111112729 1
2454509.2989666666836 1
2454509.9691055556759 1
2454509.2996611110866 1
2454509.969800000079 1
2454509.3003555559553 1
2454509.970494444482 1
2454509.3010500003584 1
2454509.9711888888851 1
2454509.3017444447614 1
2454509.9718833332881 1
2454509.3024388891645 1
2454509.9725777781568 1
2454509.3031333335675 1
2454509.9732722225599 1
2454509.3038277779706 1
2454509.973966666963 1
2454509.3045222223736 1
2454509.974661111366 1
2454509.3052166667767 1
2454509.9753555557691 1
2454509.3059111111797 1
2454509.9760500001721 1
2454509.3066055555828 1
2454509.9767444445752 1
2454509.3072999999858 1
2454509.9774388889782 1
2454509.3079944443889 1
2454509.9781333333813 1
2454509.3086888892576 1
2454509.9788277777843 1
2454509.3093833336607 1
2454509.9795222221874 1
2454509.3100777780637 1
2454509.9802166670561 1
2454509.3107722224668 1
2454509.9809111114591 1
2454509.3114666668698 1
2454509.9816055558622 1
2454509.3121611112729 1
2454509.9823000002652 1
2454509.3128555556759 1
2454509.9829944446683 1
2454509.313550000079 1
2454509.9836888890713 1
2454509.314244444482 1
2454509.9843833334744 1
2454509.3149388888851 1
2454509.9850777778774 1
2454509.3156333332881 1
2454509.9857722222805 1
2454509.3163277781568 1
2454509.9864666666836 1
2454509.3170222225599 1
2454509.9871611110866 1
2454509.317716666963 1
2454509.9878555559553 1
2454509.318411111366 1
2454509.9885500003584 1
2454509.3191055557691 1
2454509.9892444447614 1
2454509.3198000001721 1
2454509.9899388891645 1
2454509.3204944445752 1
2454509.9906333335675 1
2454509.3211888889782 1
2454509.9913277779706 1
2454509.3218833333813 1
2454509.9920222223736 1
2454509.3225777777843 1
2454509.9927166667767 1
2454509.3232722221874 1
2454509.9934111111797 1
2454509.3239666670561 1
2454509.9941055555828 1
2454509.3246611114591 1
2454509.9947999999858 1
2454509.3253555558622 1
2454509.9954944443889 1
2454509.3260500002652 1
2454509.9961888892576 1
2454509.3267444446683 1
2454509.9968833336607 1
2454509.3274388890713 1
2454509.9975777780637 1
2454509.3281333334744 1
2454509.9982722224668 1
2454509.3288277778774 1
2454509.9989666668698 1
2454509.3295222222805 1
2454509.9996611112729 1
2454509.3302166666836 1
2454510.0003555556759 1
2454509.3309111110866 1
2454510.001050000079 1
2454509.3316055559553 1
2454510.001744444482 1
2454509.3323000003584 1
2454510.0024388888851 1
2454509.3329944447614 1
2454510.0031333332881 1
2454509.3336888891645 1
2454510.0038277781568 1
2454509.3343833335675 1
2454510.0045222225599 1
2454509.3350777779706 1
2454510.005216666963 1
2454509.3357722223736 1
2454510.005911111366 1
2454509.3364666667767 1
2454510.0066055557691 1
2454509.3371611111797 1
2454510.0073000001721 0.99999701885440006599
2454509.3378555555828 1
2454510.0079944445752 0.99983449179788830286
2454509.3385499999858 1
2454510.0086888889782 0.99952381939454570947
2454509.3392444443889 1
2454510.0093833333813 0.99913114704974659297
2454509.3399388892576 1
2454510.0100777777843 0.99866560500315693094
2454509.3406333336607 1
2454509.3413277780637 1
2454510.0107722221874 0.99814031643323264387
2454509.3420222224668 1
2454509.3427166668698 1
2454510.0114666670561 0.99754341665444834497
2454509.3434111112729 1
2454509.3441055556759 1
2454510.0121611114591 0.99692425001951834318
2454509.344800000079 1
2454509.345494444482 1
2454509.3461888888851 1
2454510.0128555558622 0.99627538688784900156
2454509.3468833332881 1
2454509.3475777781568 1
2454509.3482722225599 1
2454510.0135500002652 0.99560297377291884224
2454509.348966666963 1
2454509.349661111366 1
2454509.3503555557691 1
2454510.0142444446683 0.99488531608912378346
2454509.3510500001721 1
2454509.3517444445752 1
2454509.3524388889782 1
2454509.3531333333813 1
2454510.0149388890713 0.9941850392035703754
2454509.3538277777843 1
2454509.3545222221874 1
2454509.3552166670561 1
2454509.3559111114591 1
2454510.0156333334744 0.99348514882079796973
2454509.3566055558622 1
2454509.3573000002652 1
2454509.3579944446683 1
2454509.3586888890713 1
2454510.0163277778774 0.99279301962677468651
2454509.3593833334744 1
2454509.3600777778774 1
2454509.3607722222805 1
2454509.3614666666836 1
2454510.0170222222805 0.99208366426176586295
2454509.3621611110866 1
2454509.3628555559553 1
2454509.3635500003584 1
2454509.3642444447614 1
2454509.3649388891645 1
2454510.0177166666836 0.99143267674969326464
2454509.3656333335675 1
2454509.3663277779706 1
2454509.3670222223736 1
2454509.3677166667767 1
2454509.3684111111797 1
2454510.0184111110866 0.99082047704811737621
2454509.3691055555828 1
2454509.3697999999858 1
2454509.3704944443889 1
2454509.3711888892576 1
2454509.3718833336607 1
2454509.3725777780637 1
2454510.0191055559553 0.99022758256461906878
2454509.3732722224668 1
2454509.3739666668698 1
2454509.3746611112729 1
2454509.3753555556759 1
2454509.376050000079 1
2454509.376744444482 1
2454510.0198000003584 0.98974118611066530526
2454509.3774388888851 1
2454509.3781333332881 1
2454509.3788277781568 1
2454509.3795222225599 1
2454509.380216666963 1
2454509.380911111366 1
2454510.0204944447614 0.98936489193985721613
2454509.3816055557691 1
2454509.3823000001721 1
2454509.3829944445752 1
2454509.3836888889782 1
2454509.3843833333813 1
2454509.3850777777843 1
2454509.3857722221874 1
2454510.0211888891645 0.98912085654788484135
2454509.3864666670561 1
2454509.3871611114591 1
2454509.3878555558622 1
2454509.3885500002652 1
2454509.3892444446683 1
2454509.3899388890713 1
2454510.0218833335675 0.98891023600471472665
2454509.3906333334744 1
2454509.3913277778774 1
2454509.3920222222805 1
2454509.3927166666836 1
2454509.3934111110866 1
2454509.3941055559553 1
2454510.0225777779706 0.98873435975311951829
2454509.3948000003584 1
2454509.3954944447614 1
2454509.3961888891645 1
2454509.3968833335675 1
2454509.3975777779706 1
2454509.3982722223736 1
2454510.0232722223736 0.98857946248764760888
2454509.3989666667767 1
2454509.3996611111797 1
2454509.4003555555828 1
2454509.4010499999858 1
2454509.4017444443889 1
2454509.4024388892576 1
2454510.0239666667767 0.9884397828506967798
2454509.4031333336607 1
2454509.4038277780637 1
2454509.4045222224668 1
2454509.4052166668698 1
2454509.4059111112729 1
2454509.4066055556759 1
2454510.0246611111797 0.98831203835468617314
2454509.407300000079 1
2454509.407994444482 1
2454509.4086888888851 1
2454509.4093833332881 1
2454509.4100777781568 1
2454509.4107722225599 1
2454510.0253555555828 0.98819408548327625219
2454509.411466666963 1
2454509.412161111366 1
2454509.4128555557691 1
2454509.4135500001721 1
2454509.4142444445752 1
2454509.4149388889782 1
2454510.0260499999858 0.98808440794313245892
2454509.4156333333813 1
2454509.4163277777843 1
2454509.4170222221874 1
2454509.4177166670561 1
2454509.4184111114591 1
2454510.0267444443889 0.98798187457244079912
2454509.4191055558622 1
2454509.4198000002652 1
2454509.4204944446683 1
2454509.4211888890713 1
2454509.4218833334744 1
2454509.4225777778774 1
2454509.4232722222805 1
2454510.0274388892576 0.9878856087547406295
2454509.4239666666836 1
2454509.4246611110866 1
2454509.4253555559553 1
2454509.4260500003584 1
2454509.4267444447614 1
2454509.4274388891645 1
2454509.4281333335675 1
2454510.0281333336607 0.98779491133798369429
2454509.4288277779706 1
2454509.4295222223736 1
2454509.4302166667767 1
2454509.4309111111797 1
2454509.4316055555828 1
2454509.4322999999858 1
2454509.4329944443889 1
2454510.0288277780637 0.98770921202534978089
2454509.4336888892576 1
2454509.4343833336607 1
2454509.4350777780637 1
2454509.4357722224668 1
2454509.4364666668698 1
2454509.4371611112729 1
2454509.4378555556759 1
2454510.0295222224668 0.98762803712434232839
2454509.438550000079 1
2454509.439244444482 1
2454509.4399388888851 1
2454509.4406333332881 1
2454509.4413277781568 1
2454510.0302166668698 0.98755098726945111931
2454509.4420222225599 1
2454509.442716666963 1
2454509.443411111366 1
2454509.4441055557691 1
2454509.4448000001721 1
2454509.4454944445752 1
2454510.0309111112729 0.987477721521179852
2454509.4461888889782 1
2454509.4468833333813 1
2454509.4475777777843 1
2454509.4482722221874 1
2454509.4489666670561 1
2454509.4496611114591 1
2454509.4503555558622 1
2454510.0316055556759 0.98740794570314793788
2454509.4510500002652 1
2454509.4517444446683 1
2454509.4524388890713 1
2454509.4531333334744 1
2454509.4538277778774 1
2454509.4545222222805 1
2454510.032300000079 0.98734140364887201802
2454509.4552166666836 1
2454509.4559111110866 1
2454509.4566055559553 1
2454509.4573000003584 1
2454509.4579944447614 1
2454509.4586888891645 1
2454510.032994444482 0.98727787050188309248
2454509.4593833335675 1
2454509.4600777779706 0.99998319825315706844
2454509.4607722223736 0.99979268879964255934
2454509.4614666667767 0.99947967128192483077
2454510.0336888888851 0.98721714749948197287
2454509.4621611111797 0.99906033933819493598
2454509.4628555555828 0.99858282158063682576
2454509.4635499999858 0.99804830968988988982
2454510.0343833332881 0.98715905785071333955
2454509.4642444443889 0.99746628048128160859
2454509.4649388892576 0.99684560360714635774
2454510.0350777781568 0.98710344343599265571
2454509.4656333336607 0.99616593188988789009
2454509.4663277780637 0.99548953877862267348
2454510.0357722225599 0.98705016213361052024
2454509.4670222224668 0.9947984737784312248
2454510.036466666963 0.98699908563133353923
2454509.4677166668698 0.99406997421857490327
2454509.4684111112729 0.99336899348165774715
2454510.037161111366 0.98695009761818930372
2454509.4691055556759 0.99267801169862657229
2454510.0378555557691 0.98690309227764272393
2454509.469800000079 0.99200518424265449191
2454510.0385500001721 0.98685797302220057414
2454509.470494444482 0.9913262746991508001
2454510.0392444445752 0.98681465142324298334
2454509.4711888888851 0.99072037889377972952
2454510.0399388889782 0.98677304630009665676
2454509.4718833332881 0.99017074671068860958
2454510.0406333333813 0.98673308294003059249
2454509.4725777781568 0.98966512754566637877
2454510.0413277777843 0.98669469242667529052
2454509.4732722225599 0.98931057801767963156
2454510.0420222221874 0.98665781105883942903
2454509.473966666963 0.98908543950640526177
2454510.0427166670561 0.98662237984515943623
2454509.474661111366 0.9888818552078356694
2454510.0434111114591 0.98658834406272311046
2454509.4753555557691 0.98870971477916347325
2454510.0441055558622 0.98655565286994095775
2454509.4760500001721 0.98855740784050971648
2454510.0448000002652 0.98652425896563233909
2454509.4767444445752 0.98841971166706155127
2454510.0454944446683 0.98649411828764055343
2454509.4774388889782 0.98829357003130602344
2454510.0461888890713 0.98646518974537755753
2454509.4781333333813 0.98817695769517088777
2454510.0468833334744 0.98643743498156766236
2454509.4788277777843 0.98806842852839849023
2454510.0475777778774 0.9864108181591667579
2454509.4795222221874 0.98796689661167391705
2454510.0482722222805 0.98638530576999938759
2454509.4802166670561 0.98787151629005731657
2454510.0489666666836 0.98636086646211329487
2454509.4809111114591 0.98778161056823710062
2454510.0496611110866 0.98633747088321743757
2454509.4816055558622 0.98769662556770509987
2454510.0503555559553 0.98631509153785523747
2454509.4823000002652 0.98761610010738976051
2454510.0510500003584 0.98629370265618865332
2454509.4829944446683 0.98753964457776854946
2454510.0517444447614 0.98627328007243597607
2454509.4836888890713 0.98746692579457007177
2454510.0524388891645 0.98625380111111971004
2454509.4843833334744 0.98739765584789640496
2454510.0531333335675 0.98623524447936061765
2454509.4850777778774 0.98733158370667450932
2454510.0538277779706 0.98621759016349264115
2454509.4857722222805 0.98726848877493555978
2454510.0545222223736 0.98620081932828995708
2454509.4864666666836 0.98720817586304110414
2454510.0552166667767 0.9861849142170995286
2454509.4871611110866 0.98715047120546794979
2454510.0559111111797 0.98616985805117485242
2454509.4878555559553 0.98709521926645760193
2454510.0566055555828 0.98615563492654190192
2454509.4885500003584 0.98704228014811734582
2454510.0572999999858 0.98614222970681353342
2454509.4892444447614 0.9869915274656566595
2454510.0579944443889 0.98612962791057046097
2454509.4899388891645 0.98694284658939512855
2454510.0586888892576 0.98611781559229261251
2454509.4906333335675 0.98689613317800728431
2454510.0593833336607 0.98610677921643907773
2454509.4913277779706 0.98685129194540743836
2454510.0600777780637 0.98609650552523397948
2454509.4920222223736 0.98680823561682207146
2454510.0607722224668 0.98608698140212480698
2454509.4927166667767 0.98676688403937073968
2454510.0614666668698 0.9860781937348220838
2454509.4934111111797 0.9867271634198210295
2454510.0621611112729 0.98607012928436987842
2454509.4941055555828 0.98668900566777617556
2454510.0628555556759 0.98606277456978286278
2454509.4947999999858 0.98665234782685062864
2454510.063550000079 0.9860561157812175459
2454509.4954944443889 0.98661713157972130706
2454510.064244444482 0.98605013873797409119
2454509.4961888892576 0.98658330281555506325
2454510.0649388888851 0.98604482891009270773
2454509.4968833336607 0.98655081125036603318
2454510.0656333332881 0.98604017152284517689
2454509.4975777780637 0.98651961009249444778
2454510.0663277781568 0.98603615176074754789
2454509.4982722224668 0.9864896557467022209
2454510.0670222225599 0.98603275508064780475
2454509.4989666668698 0.98646090755142912254
2454510.067716666963 0.98602996763137185088
2454509.4996611112729 0.98643332754459633893
2454510.068411111366 0.98602777676092079329
2454509.5003555556759 0.98640688025402833983
2454510.0691055557691 0.98602617157355421096
2454509.501050000079 0.98638153250911020375
2454510.0698000001721 0.98602514348222347618
2454509.501744444482 0.98635725327074197377
2454510.0704944445752 0.9860246866916291264
2454509.5024388888851 0.98633401347700389028
2454509.5031333332881 0.98631178590222134961
2454509.5038277781568 0.98629054502733548571
2454509.5045222225599 0.98627026691964092553
2454509.505216666963 0.9862509291200620698
2454509.505911111366 0.98623251053621330264
2454509.5066055557691 0.98621499133951862071
2454509.5073000001721 0.98619835286468671143
2454509.5079944445752 0.98618257750983073784
2454509.5086888889782 0.98616764863553507681
2454509.5093833333813 0.98615355046120445337
2454509.5100777777843 0.98614026795713694007
2454509.5107722221874 0.98612778673098133719
2454509.5114666670561 0.98611609290763568847
2454509.5121611114591 0.98610517300230804416
2454509.5128555558622 0.98609501378747899114
2454509.5135500002652 0.98608560215598861642
2454509.5142444446683 0.9860769249845057205
2454509.5149388890713 0.98606896900426210806
2454509.5156333334744 0.98606172068909581085
2454509.5163277778774 0.98605516617429489479
2454509.5170222222805 0.98604929122299256328
2454509.5177166666836 0.98604408125911169325
2454509.5184111110866 0.98603952148599482985
2454509.5191055559553 0.98603559710657784354
2454509.5198000003584 0.9860322936531575877
2454509.5204944447614 0.98602959742198481585
2454509.5211888891645 0.9860274959909056669
2454509.5218833335675 0.98602597877960052042
2454509.5225777779706 0.9860250375957829716
2454509.5232722223736 0.98602466710197345101
